[1] TRUE
    k      sc      fft  direct    hull hull_rec pair_direct pair_hull_rec fallbacks mismatch
    3  normal 114325.0  8909.4  4439.9   3185.4     13035.9        4889.7        33        0
    3 outlier 114499.8  7776.3  6696.7   4827.6     11938.6        7481.6        20        0
   10  normal 114542.3 10445.2  6385.5   4655.6     15642.7        7067.4         0        0
   10 outlier 114684.9  8970.6  8101.5   6173.7     14010.2        9526.2         0        0
   30  normal 115696.3 14219.7 11791.2   9535.0     21842.9       14345.7         0        0
   30 outlier 116429.8 11346.2 10659.4   9106.3     17898.8       13723.2         0        0
  100  normal 118464.7 23704.0 20811.4  18744.5     36531.6       28026.0         0        0
  100 outlier 119468.8 16328.6 15629.6  14426.0     25406.9       21146.6         0        0
  300  normal 125768.4 35892.5 34091.7  32383.0     54085.9       47562.5         0        0
  300 outlier 125970.6 26328.5 25413.8  24168.8     38971.5       34364.1         0        0
 1000  normal 150718.9 61215.5 61169.2  59774.6     85643.0       83157.5         0        0
 1000 outlier 148542.2 50539.0 51121.6  50130.3     69838.1       67307.3         0        0
